1000
975 296 200
334 378 961
142 175 398
913 142 870
258 659 974
495 875 309
921 996 253
826 347 229
505 872 436
97 983 986
569 677 2
487 12 98
448 871 272
564 784 133
435 760 510
409 973 386
436 895 382
407 440 447
355 944 320
509 42 22
496 329 417
216 816 428
313 982 299
303 547 801
435 700 561
945 827 535
331 263 149
431 389 588
597 743 532
635 252 573
656 466 621
73 681 156
220 712 138
237 16 403
39 169 103
318 114 929
852 163 911
1 313 300
588 909 43
839 544 13
131 918 479
751 990 878
906 928 310
45 166 44
447 204 212
269 521 45
198 93 207
827 811 238
127 119 147
887 957 409
900 88 327
98 558 318
694 464 964
4 227 130
765 393 52
977 661 292
740 577 384
665 405 913
903 250 32
50 138 707
459 38 514
504 853 72
821 547 535
505 270 481
634 753 873
686 449 253
696 189 829
80 854 952
711 757 203
462 525 340
169 702 96
682 207 948
472 746 214
8 251 202
488 604 955
80 290 123
332 985 312
879 783 166
551 213 641
753 674 884
811 843 587
906 244 512
573 716 258
505 442 228
707 648 831
381 446 839
503 777 543
533 375 45
417 925 257
58 397 931
661 208 493
248 114 455
478 405 889
454 910 331
681 336 697
231 435 143
788 656 638
331 190 14
94 325 657
351 383 55
1 762 262
493 728 95
947 206 499
837 659 128
886 60 182
584 9 616
726 797 991
84 128 899
97 222 224
753 291 325
526 291 87
788 502 814
882 168 20
100 723 398
946 610 457
128 912 184
463 357 980
173 440 827
72 536 767
295 9 58
339 253 67
425 41 568
958 641 735
977 460 459
94 406 787
269 252 699
453 433 774
433 605 215
260 676 469
27 690 196
802 29 449
868 172 489
155 130 849
890 826 309
68 919 433
573 189 684
272 360 118
46 792 722
978 771 118
448 516 807
643 38 554
92 905 725
300 61 855
149 669 681
176 455 319
608 28 226
11 18 585
128 781 97
569 760 867
405 926 102
930 569 139
484 380 763
209 679 542
782 827 929
182 721 384
501 329 411
726 339 147
312 186 927
408 473 406
993 596 332
813 526 901
952 10 281
434 936 678
975 719 224
623 900 944
7 120 991
136 846 49
282 876 952
927 284 425
334 995 739
665 808 265
285 479 274
284 631 929
961 325 367
185 947 267
847 953 387
838 807 951
887 89 827
839 735 829
983 69 824
722 733 351
706 737 549
698 21 180
627 982 505
993 885 171
979 452 843
85 290 650
36 895 458
862 454 193
691 156 261
234 596 712
584 302 449
851 1 189
32 627 889
255 340 493
425 319 944
986 403 235
637 157 848
95 19 302
6 428 176
266 380 772
696 963 74
864 534 74
53 284 420
941 538 759
434 681 796
98 387 917
51 24 74
898 836 810
919 841 956
95 825 336
866 521 18
940 104 551
732 156 834
870 815 91
348 968 491
144 66 877
61 116 900
852 732 736
662 651 296
618 465 121
672 331 641
690 989 745
241 441 619
76 311 154
884 659 122
375 521 905
970 301 739
870 153 471
325 534 841
620 870 306
459 543 355
819 233 345
283 192 504
901 267 814
773 870 192
613 245 713
518 216 732
975 804 884
447 848 137
288 187 726
312 646 269
666 465 220
729 747 130
233 367 397
766 141 985
676 753 948
389 990 882
121 965 406
724 131 254
579 137 159
305 448 523
292 833 706
230 562 172
360 514 539
475 998 398
460 674 869
408 782 578
291 621 544
696 345 674
668 643 811
545 947 977
69 958 810
774 188 92
665 266 324
922 740 322
320 918 995
907 46 777
486 55 399
748 469 462
422 137 105
951 681 771
648 468 729
458 961 635
268 626 901
591 548 360
912 586 279
627 212 324
123 697 378
521 164 846
702 305 701
806 256 101
296 622 569
743 799 249
379 67 874
998 377 141
358 8 445
355 634 656
678 757 73
774 996 236
620 698 540
40 224 515
141 519 137
428 263 654
676 360 721
269 358 816
128 434 823
572 789 177
228 467 652
300 960 648
255 299 66
513 339 8
28 198 526
883 625 507
537 20 585
976 7 942
511 134 377
335 705 884
230 651 70
881 951 30
248 924 329
32 437 667
39 184 864
284 67 208
790 322 227
376 18 951
37 528 85
132 862 789
16 810 440
86 691 110
833 658 34
162 689 190
547 728 373
130 730 158
56 239 479
1 333 215
951 370 743
36 220 324
824 954 135
983 40 544
93 591 202
845 753 610
753 19 57
126 867 786
2 922 25
480 923 358
414 874 446
157 910 665
480 453 619
614 155 377
159 248 968
79 811 440
688 564 458
744 408 325
249 409 966
274 607 889
350 21 482
795 895 111
179 376 564
798 708 718
893 585 684
861 664 214
20 71 496
478 534 622
521 782 31
487 774 357
95 124 96
577 918 991
687 98 86
969 614 793
407 507 379
91 88 761
24 107 550
519 303 84
860 543 866
890 748 640
965 843 483
780 139 401
771 544 217
856 514 830
368 920 57
465 729 862
226 471 968
776 990 990
859 850 533
444 459 999
803 144 842
286 923 699
405 413 244
622 987 476
171 74 396
945 539 843
807 764 315
776 259 24
485 837 592
18 999 769
17 802 912
578 806 554
995 212 685
239 552 391
433 722 465
828 668 4
391 194 486
424 688 745
447 173 582
39 190 300
526 925 103
158 222 908
711 217 838
116 175 390
506 607 831
970 155 218
973 545 411
460 968 100
205 134 272
505 890 181
804 416 824
625 573 46
253 4 262
91 119 436
200 624 44
31 595 198
248 568 461
658 746 148
476 950 281
467 174 171
366 697 305
190 322 597
235 293 600
215 103 718
370 302 61
132 332 655
48 298 942
508 955 688
655 151 358
654 617 531
543 982 946
566 890 987
163 843 280
762 58 382
199 146 683
260 277 733
914 43 31
575 550 705
264 923 574
621 296 191
870 838 891
817 124 781
804 286 343
84 767 119
185 965 265
586 225 260
320 858 303
69 433 571
773 415 495
66 36 509
256 906 67
865 442 190
365 246 475
707 48 242
826 232 926
809 818 869
69 856 446
90 924 879
661 417 13
874 482 767
383 457 673
449 41 833
357 125 79
551 831 844
511 376 77
437 903 613
26 972 469
471 62 112
69 441 528
82 315 729
848 417 904
240 584 944
73 941 69
869 492 619
713 721 713
789 877 617
121 902 308
589 373 88
420 442 529
666 523 562
395 90 978
18 329 563
962 120 504
749 988 714
87 420 435
800 928 312
136 49 214
162 357 306
249 776 747
496 442 988
59 837 796
37 573 843
599 535 962
821 4 669
535 808 89
689 327 17
719 462 784
933 623 141
957 591 916
704 87 358
411 145 913
207 182 487
50 499 740
730 321 462
399 574 271
206 263 597
941 982 778
725 634 401
865 591 991
500 14 797
857 424 941
490 349 841
976 398 341
435 846 380
897 245 953
168 169 217
483 110 917
261 553 551
381 418 860
372 636 873
169 213 16
829 702 364
670 678 480
729 113 326
109 728 289
63 895 457
997 379 286
914 358 838
184 738 975
762 829 611
354 716 823
369 545 244
451 934 640
649 663 472
693 772 200
700 553 96
875 550 193
161 183 550
999 85 8
693 565 836
23 918 552
846 6 816
808 456 750
449 823 413
920 516 903
120 934 175
933 809 443
126 970 625
395 688 428
402 381 992
956 403 629
508 967 634
324 776 808
792 225 631
206 145 865
827 982 799
3 916 609
445 42 298
789 155 985
935 275 85
928 231 206
557 458 174
910 781 668
718 574 611
350 498 755
933 44 737
733 764 372
61 928 414
358 717 287
62 652 281
146 299 511
351 575 968
243 485 469
910 203 761
521 271 977
994 205 21
451 656 785
822 435 713
954 792 149
242 853 519
241 717 537
751 68 112
439 311 315
626 939 517
387 461 507
83 455 430
103 624 804
606 447 239
38 401 749
904 361 321
143 320 38
679 72 105
509 229 134
823 854 74
59 959 253
284 42 426
713 862 51
517 188 216
755 225 335
223 848 415
543 990 734
580 669 524
404 896 752
256 438 325
329 496 284
300 499 44
726 212 625
495 448 812
710 921 755
45 145 603
459 687 593
912 986 980
436 390 595
189 364 33
232 693 248
235 711 746
278 437 676
621 650 124
433 360 764
189 124 908
510 301 314
822 213 300
521 649 408
117 556 772
867 787 184
115 22 894
579 19 51
256 639 700
98 791 779
861 698 902
769 208 203
802 30 135
102 270 783
510 386 58
1 253 844
184 87 585
796 665 603
846 639 960
266 737 751
45 598 449
665 87 376
586 888 124
720 708 393
222 936 778
279 936 750
842 838 555
146 635 938
467 481 578
427 465 34
897 228 631
65 892 436
440 479 43
564 199 751
675 140 406
454 137 343
922 978 181
477 842 815
415 309 16
711 455 199
744 71 427
95 135 319
249 294 797
292 576 715
761 251 854
167 423 709
509 345 688
409 540 249
942 674 558
957 104 731
875 848 801
302 942 654
620 191 947
137 201 523
570 961 774
143 847 915
851 75 261
258 483 519
507 426 911
65 102 16
514 976 582
315 996 524
968 617 433
635 472 353
158 42 33
650 902 879
566 753 954
545 12 156
782 518 300
413 301 121
428 533 815
10 847 812
252 534 148
403 169 619
755 46 379
788 414 281
386 698 752
59 961 482
215 463 999
233 875 19
72 22 270
887 31 117
699 1 370
565 403 257
184 877 302
281 384 435
280 769 133
32 547 813
514 480 276
232 712 151
969 784 172
239 390 920
75 89 920
163 653 42
419 555 637
440 554 21
874 833 509
725 583 56
538 97 535
813 48 965
682 735 468
853 973 857
773 766 664
412 928 36
173 67 309
809 506 862
549 99 414
58 823 997
831 362 812
85 893 859
768 576 313
237 148 287
812 921 771
196 52 419
231 224 485
540 752 990
121 301 89
535 77 630
251 626 991
63 429 604
641 197 180
953 152 327
958 683 966
449 878 737
867 827 679
352 86 431
61 207 450
867 460 245
497 429 589
208 491 18
530 850 933
709 523 803
754 200 486
440 648 83
177 515 910
855 585 995
6 645 920
174 231 99
419 447 527
8 373 737
744 902 587
677 330 828
480 84 29
685 523 676
767 418 910
396 274 495
392 279 859
31 452 808
130 589 255
656 316 627
112 60 248
418 455 577
246 653 380
992 338 902
388 824 321
298 220 313
511 330 310
370 361 480
897 209 788
152 583 104
498 695 163
745 113 336
42 77 988
421 70 46
42 176 869
362 473 807
393 702 138
421 791 217
901 688 144
689 558 726
792 56 140
673 520 252
727 280 48
715 700 835
760 741 11
348 822 202
156 215 903
293 355 413
228 256 101
371 663 659
97 174 433
237 565 671
207 292 950
972 7 650
807 486 111
536 833 932
737 988 865
360 999 220
772 227 194
592 597 856
251 413 30
402 649 594
792 574 885
742 547 611
112 73 97
222 609 929
872 346 637
456 424 636
395 197 863
588 507 460
164 476 872
193 877 240
506 669 814
110 131 80
720 242 152
535 182 760
184 772 825
820 228 249
456 341 164
38 929 670
498 93 146
89 4 742
48 228 130
580 338 260
659 776 220
529 31 120
290 214 610
833 34 838
82 208 897
964 246 826
353 462 637
499 269 360
959 316 587
89 614 643
68 273 139
287 521 169
126 810 382
735 643 134
292 443 60
190 126 24
734 479 204
372 696 473
450 374 507
755 462 122
399 529 113
256 535 633
424 660 162
524 395 523
376 687 685
435 876 529
459 610 8
662 700 422
853 150 795
80 905 976
919 23 505
32 996 758
384 420 418
264 662 813
787 38 219
191 191 95
719 649 423
446 31 124
867 602 991
382 681 615
77 319 356
581 70 352
59 453 771
476 716 433
8 222 189
226 412 380
39 850 747
181 296 496
304 163 99
14 263 498
629 339 817
984 639 886
337 697 58
826 891 492
978 899 433
167 843 844
265 601 694
13 781 708
508 803 590
606 816 852
823 164 910
359 149 549
963 204 964
21 748 574
512 445 473
663 612 36
508 876 636
920 607 417
629 116 220
937 440 754
789 263 918
699 621 785
966 584 707
649 323 455
224 554 619
415 217 231
450 443 825
804 83 433
221 430 267
159 367 706
913 156 969
550 574 309
335 259 612
760 908 653
215 850 207
552 265 143
782 715 585
327 238 667
478 459 815
744 336 182
450 967 57
138 517 630
166 570 607
496 330 515
867 264 84
75 815 349
935 317 782
520 643 20
906 839 197
721 583 533
903 751 500
959 889 736
308 773 306
914 987 636
149 854 618
232 928 433
299 582 749
799 103 111
819 727 949
734 448 251
985 70 3
486 747 610
940 55 383
964 688 370
319 555 224
936 505 871
370 804 453
837 603 274
667 141 1
335 875 168
586 860 955
588 65 703
916 723 476
299 688 882
387 7 437
329 943 942
200 32 465
372 587 786
364 254 927
84 589 521
251 893 381
924 481 165
346 397 887
541 414 575
423 519 582
579 847 244
240 766 275
423 856 580
209 220 834
136 303 142
656 272 35
756 197 234
920 261 349
807 801 481
383 943 999
683 522 846
926 480 331
919 902 187
499 111 407
52 965 428
911 621 700
664 377 615
897 16 875
964 823 677
445 924 620
444 326 860
10 970 59
340 889 960
527 107 789
652 877 754
798 788 95
498 172 190
831 69 206
707 752 747
103 197 390
441 641 715
301 650 685
78 708 293
38 953 118
545 605 994
300 123 502
