255 8
-13284538 -1256797695 -4.04
-1550674424 -484017454 20.28
-595592721 1482260164 13.62
553467122 -1570288784 33.59
-373414868 952339665 25
1529119212 -1319539591 29.82
1581905822 1209868795 -7.2
-964907304 -855433498 6.98
88949960 210770263 18.68
608421739 354696211 28.68
-968851506 -1585346144 25.78
-144780903 1067970558 29.4
720302870 829576626 33.76
-1866149851 1997074438 26.43
-330719293 -599862736 23.91
-902621719 -828793669 12.89
1830739313 -277974404 -1.11
444495652 -1275894589 -4.97
-15342548 -1589101843 -7.14
-811524669 325865130 4.56
291990739 -1071368802 -3.82
384775041 -183189351 4.69
-170759647 885711851 32.7
145016360 -1836861977 6.74
-2032957067 1552130924 -7
203369089 1676718761 27.57
1814453351 1930804673 21.98
-146450112 104714990 29.96
83875938 328883467 26.9
-642114208 1281610023 17.76
1467346749 876945745 1.54
1706331567 314533568 39.6
-837905813 1409190792 -9.42
-1483862816 -1896833695 36.79
1336452827 1837992903 -6.5
-1680801971 2008840534 25.88
-1522886568 -2041352785 27.05
159338073 1446653862 32.49
1408193991 -1771364819 6.74
2044715697 641576786 19.31
1977694168 -783671413 3.64
1845421949 -1932058938 0.78
171807421 -478092940 -0.99
141900745 809841100 35.5
-158718241 1213453804 16.65
-274795657 646506527 39.82
199370400 1347724598 7.2
1669024742 -1149294090 -9.87
-507695717 -2005599376 -2.68
1372482645 -387982211 0
219023767 -1671658740 12.94
908461831 -8667126 22.6
2105866310 1296863904 37.08
-69369882 1110519468 31.49
1093309439 1615621813 -6.71
1301885466 -978394187 -9.93
1442407768 -555540046 18.52
-1894697377 1548207621 7.76
-2043486767 1362300536 32.37
-1000728575 -1161198310 13.91
667349674 -584194510 39.74
-909613090 478731651 -8.52
1249612384 -1882244381 18.45
119628223 -637241261 14.18
-2104841923 1119128345 -7.85
-14510324 638849817 18.29
-803908101 1799885358 19.55
-1341500894 -1796767829 10.36
1173880096 -330295548 28.39
178489753 1037922273 14.3
1632530403 577823694 28.43
1380400681 280995504 36.17
591946448 768495440 9.29
426380081 -317990991 37.83
-842686010 -1329198791 8.94
-1343648925 818438982 7.22
1009335678 -1954248403 21.69
928596764 576403688 -4.14
172567679 1938798612 -3.18
1374310836 1891948045 1.68
-1802784192 -45170387 18.85
-1518948160 358547285 5.02
959953966 -175544708 30.4
-2045456530 144743012 18.18
-1760430355 1363706622 39.31
-2118269880 584006684 -3.84
-730579548 116135261 23.08
1182820896 42832186 10.89
1916418877 1199870786 -3.79
1859418722 920389541 35.52
909812934 -149146120 7.61
576326467 -539194594 1.6
-895889519 -1617244677 -7.22
823202413 -1792938280 1.28
-440046936 946082706 -4.28
1361479619 -156407599 26.74
-1584951711 -1367838183 0.85
-1279822221 -139460461 4.13
143480211 -241104431 27.2
-1377344842 1251071634 -6.3
-1005633595 1747309557 3.89
1413674967 -391262615 0.84
-1574615470 -540183142 -4.09
-541638372 2103207960 -5.99
1940679706 -1645438892 9.33
-146939086 686311244 23.51
1666102264 -520198098 30.58
-886884409 2016992922 -7.49
-1200232527 -242146056 18.89
-1895091434 -591725527 3.93
-115090407 -2074692418 28.56
827245114 -1024234081 35.15
1276264901 -139160918 39.69
1142630989 -1363611182 10.8
-1962523891 -1287467450 -7.89
1459052422 1525840142 34.37
-830802500 -1465938043 6.62
854133968 1626985310 0.89
-1246872705 746942464 32.95
-33959801 -600214426 25.47
-1656271932 1416595747 13.86
-1645828614 261201263 13.38
-525175616 1161148858 37.32
1815294760 -1775930585 31.04
-2072905713 -1605233162 15.76
-1762830839 336633157 5.76
-1692925453 690196410 8.03
-1608763309 154326879 20.73
-1691780353 95797273 -6.95
-56697092 1843529636 14.53
-143180048 -222140895 8.01
-927032364 -371616880 19.41
-279364632 -89165389 16.65
-2019839507 197326153 -9.49
689804381 1201250594 35.29
-1292654833 -1561572965 3.85
699498037 -1730420734 30.07
-1894447875 828666005 13.93
976677439 2067749865 0.66
-2067833854 -1452577952 35.73
985968062 -729590141 -8.81
37377074 -835866307 -1.56
1437699614 1625774205 38.23
-1935882533 2037712293 23.99
1282275096 1229505347 -9.26
-606214501 -1994175644 37.93
1364718951 -381011926 -8.89
-192559910 -492707251 -5.73
-1743703316 197239445 -0.4
1602347908 935066574 25.29
-287641042 168437102 -2.6
-16249879 -61514428 -4.58
372620153 -5536926 6.86
-901679700 139724644 32.63
2139825817 2062044987 -7.07
-263723020 769448957 12.81
-1074632863 -657462252 9.87
-311490339 373611342 27.87
-411617577 -416290189 17.51
1937511153 -332679953 6.68
1319735049 833567681 38.25
-196420725 -2117823608 -8.7
1765927093 -2046258449 24.3
-335297354 1964713599 -3.07
-594234095 -612941720 15.7
1174835383 1481274224 -0.79
341696231 -1417377825 12.1
2022841160 -1533641423 15.31
-1807940682 -362329328 9.4
-627002926 -1775861024 8.68
-392192598 -992471557 31.54
-1800994469 -1167525627 15.6
1608880709 191688437 -7.5
1027897593 -59097282 17.04
355925105 880617245 -7.26
319686705 1111265783 34.37
-1044026489 -1163985426 34.77
-489943942 2138533025 1.05
-1086214321 168669072 2.2
-1772171706 1228011166 -0.29
-2126082094 -538674446 1.27
867468009 1320049027 18.55
1672638071 1318426638 -1.21
923580467 639350326 -0.5
-451772516 436831531 1.89
-669321190 -382443539 23.78
132650755 -2107684905 23.32
-463340165 -775507228 16.47
-2078788130 -1479797243 -6.34
-1840277800 941257260 28.03
535317300 -1490079898 19.98
830121103 1866053904 10.17
-236904618 -620953636 10.25
-125872781 1252884057 12.6
-357018514 1549974956 13.72
1110568457 1175232792 34.43
-1631634563 1579173415 12.82
1756933208 -1021697697 38.88
952722256 -1184808768 37.55
-36761848 980615716 19.01
-1904741300 -1729660219 -3.53
379765973 965789514 -4.57
1909596782 -166508651 30.52
-479073961 713438397 -9.65
1213988485 -1158535901 36.65
559251742 2039311518 37.94
-1007564278 417111748 5.46
-1979550695 1560882677 31.06
1867570708 -1246613002 17.29
417499646 1898870113 -7.25
279188871 -964812638 39.49
1291522968 -1711747849 -1.7
-1374390778 307885331 11.14
122911346 -383213086 -3.23
-1399883370 -403616361 30.32
1426652781 1248976263 21.92
-2061178170 1351893637 -0.32
2049095015 -229183635 28.69
1496859645 707181671 21.57
-30064477 1439865238 29.19
-1273081528 451858048 31.98
1427631727 781089856 -2.48
-569468263 1979097207 -6
-1503294528 -1765219678 26.66
-688775010 -1548358171 4.21
-608958214 -907596680 26.87
-755789894 361386535 4.46
82034107 -1014539626 6.06
-532600896 -873575015 12.95
-1947002420 -1405539967 26.09
-1281906949 -1360661677 -2.23
226585515 1241345145 3.45
1608813793 -412569633 28.4
60785364 1606063555 13.01
1062764591 378436561 5.24
-310568879 234390719 29.04
-436579417 1332124684 12.08
-2121509283 -1979983858 -1.96
-728818989 1305375428 34.59
-675349989 519354077 33.89
928884230 819989100 11.44
849430590 -1000176448 -2.59
1026226822 542745243 0.97
802047999 -447510664 14.34
-1086509656 550790553 -7.76
248790284 500849732 17.59
1324190422 -647335730 33.9
1692341006 282929704 25.96
1779656088 499846159 20.85
704273736 -438021311 21.99
-1987909488 -1120768819 -1.22
1983016721 120123795 31.05
1414466331 -1558333792 34.86
-1078377770 -1881804160 29.72
1461694910 186031370 38.09
-1000000000 -1000000000 1000000000 1000000000
-1234567891 -1234567891 1234567891 1234567891
-1345678912 -1345678912 1345678912 1345678912
-234567891 -234567891 234567891 234567891
-678912345 -678912345 678912345 678912345
-789123456 -789123456 789123456 789123456
-891234567 -891234567 891234567 891234567
-912345678 -912345678 912345678 912345678
