255 8
-13284538 -1256797695 -404
-1550674424 -484017454 2028
-595592721 1482260164 1362
553467122 -1570288784 3359
-373414868 952339665 2500
1529119212 -1319539591 2982
1581905822 1209868795 -720
-964907304 -855433498 698
88949960 210770263 1868
608421739 354696211 2868
-968851506 -1585346144 2578
-144780903 1067970558 2940
720302870 829576626 3376
-1866149851 1997074438 2643
-330719293 -599862736 2391
-902621719 -828793669 1289
1830739313 -277974404 -111
444495652 -1275894589 -497
-15342548 -1589101843 -714
-811524669 325865130 456
291990739 -1071368802 -382
384775041 -183189351 469
-170759647 885711851 3270
145016360 -1836861977 674
-2032957067 1552130924 -700
203369089 1676718761 2757
1814453351 1930804673 2198
-146450112 104714990 2996
83875938 328883467 2690
-642114208 1281610023 1776
1467346749 876945745 154
1706331567 314533568 3960
-837905813 1409190792 -942
-1483862816 -1896833695 3679
1336452827 1837992903 -650
-1680801971 2008840534 2588
-1522886568 -2041352785 2705
159338073 1446653862 3249
1408193991 -1771364819 674
2044715697 641576786 1931
1977694168 -783671413 364
1845421949 -1932058938 078
171807421 -478092940 -099
141900745 809841100 3550
-158718241 1213453804 1665
-274795657 646506527 3982
199370400 1347724598 720
1669024742 -1149294090 -987
-507695717 -2005599376 -268
1372482645 -387982211 0
219023767 -1671658740 1294
908461831 -8667126 2260
2105866310 1296863904 3708
-69369882 1110519468 3149
1093309439 1615621813 -671
1301885466 -978394187 -993
1442407768 -555540046 1852
-1894697377 1548207621 776
-2043486767 1362300536 3237
-1000728575 -1161198310 1391
667349674 -584194510 3974
-909613090 478731651 -852
1249612384 -1882244381 1845
119628223 -637241261 1418
-2104841923 1119128345 -785
-14510324 638849817 1829
-803908101 1799885358 1955
-1341500894 -1796767829 1036
1173880096 -330295548 2839
178489753 1037922273 1430
1632530403 577823694 2843
1380400681 280995504 3617
591946448 768495440 929
426380081 -317990991 3783
-842686010 -1329198791 894
-1343648925 818438982 722
1009335678 -1954248403 2169
928596764 576403688 -414
172567679 1938798612 -318
1374310836 1891948045 168
-1802784192 -45170387 1885
-1518948160 358547285 502
959953966 -175544708 3040
-2045456530 144743012 1818
-1760430355 1363706622 3931
-2118269880 584006684 -384
-730579548 116135261 2308
1182820896 42832186 1089
1916418877 1199870786 -379
1859418722 920389541 3552
909812934 -149146120 761
576326467 -539194594 160
-895889519 -1617244677 -722
823202413 -1792938280 128
-440046936 946082706 -428
1361479619 -156407599 2674
-1584951711 -1367838183 085
-1279822221 -139460461 413
143480211 -241104431 2720
-1377344842 1251071634 -630
-1005633595 1747309557 389
1413674967 -391262615 084
-1574615470 -540183142 -409
-541638372 2103207960 -599
1940679706 -1645438892 933
-146939086 686311244 2351
1666102264 -520198098 3058
-886884409 2016992922 -749
-1200232527 -242146056 1889
-1895091434 -591725527 393
-115090407 -2074692418 2856
827245114 -1024234081 3515
1276264901 -139160918 3969
1142630989 -1363611182 1080
-1962523891 -1287467450 -789
1459052422 1525840142 3437
-830802500 -1465938043 662
854133968 1626985310 089
-1246872705 746942464 3295
-33959801 -600214426 2547
-1656271932 1416595747 1386
-1645828614 261201263 1338
-525175616 1161148858 3732
1815294760 -1775930585 3104
-2072905713 -1605233162 1576
-1762830839 336633157 576
-1692925453 690196410 803
-1608763309 154326879 2073
-1691780353 95797273 -695
-56697092 1843529636 1453
-143180048 -222140895 801
-927032364 -371616880 1941
-279364632 -89165389 1665
-2019839507 197326153 -949
689804381 1201250594 3529
-1292654833 -1561572965 385
699498037 -1730420734 3007
-1894447875 828666005 1393
976677439 2067749865 066
-2067833854 -1452577952 3573
985968062 -729590141 -881
37377074 -835866307 -156
1437699614 1625774205 3823
-1935882533 2037712293 2399
1282275096 1229505347 -926
-606214501 -1994175644 3793
1364718951 -381011926 -889
-192559910 -492707251 -573
-1743703316 197239445 -040
1602347908 935066574 2529
-287641042 168437102 -260
-16249879 -61514428 -458
372620153 -5536926 686
-901679700 139724644 3263
2139825817 2062044987 -707
-263723020 769448957 1281
-1074632863 -657462252 987
-311490339 373611342 2787
-411617577 -416290189 1751
1937511153 -332679953 668
1319735049 833567681 3825
-196420725 -2117823608 -870
1765927093 -2046258449 2430
-335297354 1964713599 -307
-594234095 -612941720 1570
1174835383 1481274224 -079
341696231 -1417377825 1210
2022841160 -1533641423 1531
-1807940682 -362329328 940
-627002926 -1775861024 868
-392192598 -992471557 3154
-1800994469 -1167525627 1560
1608880709 191688437 -750
1027897593 -59097282 1704
355925105 880617245 -726
319686705 1111265783 3437
-1044026489 -1163985426 3477
-489943942 2138533025 105
-1086214321 168669072 220
-1772171706 1228011166 -029
-2126082094 -538674446 127
867468009 1320049027 1855
1672638071 1318426638 -121
923580467 639350326 -050
-451772516 436831531 189
-669321190 -382443539 2378
132650755 -2107684905 2332
-463340165 -775507228 1647
-2078788130 -1479797243 -634
-1840277800 941257260 2803
535317300 -1490079898 1998
830121103 1866053904 1017
-236904618 -620953636 1025
-125872781 1252884057 1260
-357018514 1549974956 1372
1110568457 1175232792 3443
-1631634563 1579173415 1282
1756933208 -1021697697 3888
952722256 -1184808768 3755
-36761848 980615716 1901
-1904741300 -1729660219 -353
379765973 965789514 -457
1909596782 -166508651 3052
-479073961 713438397 -965
1213988485 -1158535901 3665
559251742 2039311518 3794
-1007564278 417111748 546
-1979550695 1560882677 3106
1867570708 -1246613002 1729
417499646 1898870113 -725
279188871 -964812638 3949
1291522968 -1711747849 -170
-1374390778 307885331 1114
122911346 -383213086 -323
-1399883370 -403616361 3032
1426652781 1248976263 2192
-2061178170 1351893637 -032
2049095015 -229183635 2869
1496859645 707181671 2157
-30064477 1439865238 2919
-1273081528 451858048 3198
1427631727 781089856 -248
-569468263 1979097207 -600
-1503294528 -1765219678 2666
-688775010 -1548358171 421
-608958214 -907596680 2687
-755789894 361386535 446
82034107 -1014539626 606
-532600896 -873575015 1295
-1947002420 -1405539967 2609
-1281906949 -1360661677 -223
226585515 1241345145 345
1608813793 -412569633 2840
60785364 1606063555 1301
1062764591 378436561 524
-310568879 234390719 2904
-436579417 1332124684 1208
-2121509283 -1979983858 -196
-728818989 1305375428 3459
-675349989 519354077 3389
928884230 819989100 1144
849430590 -1000176448 -259
1026226822 542745243 097
802047999 -447510664 1434
-1086509656 550790553 -776
248790284 500849732 1759
1324190422 -647335730 3390
1692341006 282929704 2596
1779656088 499846159 2085
704273736 -438021311 2199
-1987909488 -1120768819 -122
1983016721 120123795 3105
1414466331 -1558333792 3486
-1078377770 -1881804160 2972
1461694910 186031370 3809
-1000000000 -1000000000 1000000000 1000000000
-1234567891 -1234567891 1234567891 1234567891
-1345678912 -1345678912 1345678912 1345678912
-234567891 -234567891 234567891 234567891
-678912345 -678912345 678912345 678912345
-789123456 -789123456 789123456 789123456
-891234567 -891234567 891234567 891234567
-912345678 -912345678 912345678 912345678
