100
617 799 324
904 304 962
374 34 368
111 645 513
608 730 434
291 137 9
202 647 893
683 121 862
476 652 840
695 985 202
863 322 1
905 944 24
587 319 57
954 148 421
187 474 869
620 764 6
347 965 371
240 648 210
820 842 581
380 538 285
581 120 606
300 25 551
323 611 869
99 285 17
519 471 490
107 809 972
830 156 656
201 114 23
129 933 865
709 313 403
994 893 241
600 194 265
869 235 595
738 333 598
473 570 69
681 676 596
653 506 751
309 425 583
332 554 516
197 263 548
318 975 160
558 295 72
541 164 307
854 621 358
452 94 928
239 775 323
834 147 548
304 456 691
886 506 245
122 421 227
669 738 920
547 15 215
338 274 379
644 129 999
720 580 811
367 538 305
409 372 452
956 676 907
647 562 132
611 683 552
556 71 9
476 337 23
691 674 296
788 37 143
506 756 442
317 842 979
622 251 351
792 925 27
418 572 308
549 901 709
819 457 499
827 652 835
568 343 228
582 849 264
725 74 738
167 109 299
146 730 549
215 241 474
242 658 765
268 207 385
976 26 842
194 571 494
747 139 555
974 721 123
956 446 196
414 331 304
712 476 753
980 409 993
173 650 652
656 636 577
42 332 322
883 525 892
96 273 32
369 965 471
491 922 635
686 55 965
989 766 160
742 465 568
736 638 937
107 13 573
